
frame: 1464
	rtibia: -1.538627 3.396177 -0.08999324
	rfemur: -4.304706 0.03560522 0.4778531
	rhipjoint: -4.304706 0.03560522 0.4778531
	lhipjoint: 4.374047 0.3937192 -0.3910869
	lfemur: 4.374047 0.3937192 -0.3910869
	ltibia: 6.135705 2.863499 -2.466193
	rwrist: -1.078395 19.71436 -12.17538
	rhumerus: -3.779603 15.62442 -12.00592
	rclavicle: -6.139488 19.73697 -13.42067
	lclavicle: 6.35945 19.15455 -12.9234
	lhumerus: 8.537018 12.43469 -13.34628
	lwrist: 7.80166 12.56748 -16.70226
	thorax: 0.07232559 9.83021 -6.564324
	head: 1.445468 24.23571 -24.04262
