
frame: 84898
	rtibia: -5.059228 5.368187 -1.248316
	rfemur: -5.132249 0.5894619 0.8499371
	rhipjoint: -5.132249 0.5894619 0.8499371
	lhipjoint: 5.11184 -0.06208741 -0.7339493
	lfemur: 5.11184 -0.06208741 -0.7339493
	ltibia: 6.070311 0.2163156 -6.433243
	rwrist: -6.636359 18.72675 -3.744689
	rhumerus: -7.045949 18.84985 -2.405447
	rclavicle: -7.393495 23.67104 -3.722044
	lclavicle: 6.398839 22.96561 -5.558037
	lhumerus: 6.989241 18.26309 -10.37406
	lwrist: 2.230385 23.03928 -17.12214
	thorax: -0.2537664 11.79101 -2.291023
	head: -1.449268 30.28904 -12.39052
